563.026000 431.432000 0.000000
665.778000 421.160000 0.000000
773.494000 418.687000 0.000000
549.784000 530.538000 0.000000
660.690000 525.739000 0.000000
766.237000 522.293000 0.000000
553.946000 631.900000 0.000000
660.603000 628.822000 0.000000
762.482000 626.836000 0.000000
563.026000 431.432000 30.000000
665.778000 421.160000 30.000000
773.494000 418.687000 30.000000
549.784000 530.538000 30.000000
660.690000 525.739000 30.000000
766.237000 522.293000 30.000000
553.946000 631.900000 30.000000
660.603000 628.822000 30.000000
762.482000 626.836000 30.000000
526.199000 390.971000 0.000000
652.779000 307.850000 0.000000
829.140000 380.197000 0.000000
868.987000 526.303000 0.000000
809.619000 667.125000 0.000000
659.617000 736.002000 0.000000
523.716000 686.628000 0.000000
428.378000 517.939000 0.000000
526.199000 390.971000 30.000000
652.779000 307.850000 30.000000
829.140000 380.197000 30.000000
868.987000 526.303000 30.000000
809.619000 667.125000 30.000000
659.617000 736.002000 30.000000
523.716000 686.628000 30.000000
428.378000 517.939000 30.000000
588.666000 429.315000 0.000000
614.275000 426.439000 0.000000
639.936000 423.580000 0.000000
665.753000 421.174000 10.000000
665.753000 421.174000 20.000000
639.936000 423.580000 30.000000
614.275000 426.439000 30.000000
588.666000 429.315000 30.000000
562.985000 431.370000 20.000000
562.985000 431.370000 10.000000
664.939000 447.769000 0.000000
663.564000 474.015000 0.000000
662.040000 499.975000 0.000000
660.694000 525.741000 10.000000
660.694000 525.741000 20.000000
662.040000 499.975000 30.000000
663.564000 474.015000 30.000000
664.939000 447.769000 30.000000
633.673000 527.128000 0.000000
606.219000 528.535000 0.000000
578.265000 529.766000 0.000000
549.819000 530.512000 10.000000
549.819000 530.512000 20.000000
578.265000 529.766000 30.000000
606.219000 528.535000 30.000000
633.673000 527.128000 30.000000
552.226000 505.730000 0.000000
555.619000 481.023000 0.000000
559.488000 456.302000 0.000000
559.488000 456.302000 30.000000
555.619000 481.023000 30.000000
552.226000 505.730000 30.000000
691.946000 419.429000 0.000000
718.570000 418.498000 0.000000
745.745000 418.336000 0.000000
773.496000 418.707000 10.000000
773.496000 418.707000 20.000000
745.745000 418.336000 30.000000
718.570000 418.498000 30.000000
691.946000 419.429000 30.000000
771.883000 444.290000 0.000000
770.042000 470.165000 0.000000
768.122000 496.193000 0.000000
766.240000 522.311000 10.000000
766.240000 522.311000 20.000000
768.122000 496.193000 30.000000
770.042000 470.165000 30.000000
771.883000 444.290000 30.000000
740.066000 522.703000 0.000000
713.791000 523.456000 0.000000
687.362000 524.489000 0.000000
687.362000 524.489000 30.000000
713.791000 523.456000 30.000000
740.066000 522.703000 30.000000
659.764000 551.411000 0.000000
659.423000 577.090000 0.000000
659.727000 602.868000 0.000000
660.602000 628.828000 10.000000
660.602000 628.828000 20.000000
659.727000 602.868000 30.000000
659.423000 577.090000 30.000000
659.764000 551.411000 30.000000
634.365000 628.876000 0.000000
607.749000 629.149000 0.000000
580.863000 630.023000 0.000000
553.992000 631.939000 10.000000
553.992000 631.939000 20.000000
580.863000 630.023000 30.000000
607.749000 629.149000 30.000000
634.365000 628.876000 30.000000
550.704000 606.240000 0.000000
548.894000 580.770000 0.000000
548.609000 555.536000 0.000000
548.609000 555.536000 30.000000
548.894000 580.770000 30.000000
550.704000 606.240000 30.000000
764.521000 548.425000 0.000000
763.147000 574.574000 0.000000
762.341000 600.724000 0.000000
762.516000 626.842000 10.000000
762.516000 626.842000 20.000000
762.341000 600.724000 30.000000
763.147000 574.574000 30.000000
764.521000 548.425000 30.000000
737.327000 627.620000 0.000000
712.015000 628.307000 0.000000
686.467000 628.693000 0.000000
686.467000 628.693000 30.000000
712.015000 628.307000 30.000000
737.327000 627.620000 30.000000
553.627000 421.567000 0.000000
544.462000 411.631000 0.000000
535.407000 401.517000 0.000000
526.199000 390.971000 10.000000
526.199000 390.971000 20.000000
535.407000 401.517000 30.000000
544.462000 411.631000 30.000000
553.627000 421.567000 30.000000
552.846000 366.225000 0.000000
581.220000 341.022000 0.000000
613.999000 319.444000 0.000000
652.779000 307.850000 10.000000
652.779000 307.850000 20.000000
613.999000 319.444000 30.000000
581.220000 341.022000 30.000000
552.846000 366.225000 30.000000
659.623000 336.914000 0.000000
663.689000 365.484000 0.000000
665.553000 393.554000 0.000000
665.553000 393.554000 30.000000
663.689000 365.484000 30.000000
659.623000 336.914000 30.000000
697.635000 311.475000 0.000000
745.767000 329.041000 0.000000
791.637000 354.130000 0.000000
829.140000 380.197000 10.000000
829.140000 380.197000 20.000000
791.637000 354.130000 30.000000
745.767000 329.041000 30.000000
697.635000 311.475000 30.000000
813.886000 388.758000 0.000000
799.715000 398.118000 0.000000
786.322000 408.138000 0.000000
786.322000 408.138000 30.000000
799.715000 398.118000 30.000000
813.886000 388.758000 30.000000
854.285000 406.596000 0.000000
867.732000 438.009000 0.000000
871.641000 478.703000 0.000000
868.987000 526.303000 10.000000
868.987000 526.303000 20.000000
871.641000 478.703000 30.000000
867.732000 438.009000 30.000000
854.285000 406.596000 30.000000
844.642000 524.238000 0.000000
819.042000 522.950000 0.000000
792.794000 522.339000 0.000000
792.794000 522.339000 30.000000
819.042000 522.950000 30.000000
844.642000 524.238000 30.000000
860.526000 572.659000 0.000000
847.427000 610.814000 0.000000
830.530000 640.634000 0.000000
809.619000 667.125000 10.000000
809.619000 667.125000 20.000000
830.530000 640.634000 30.000000
847.427000 610.814000 30.000000
860.526000 572.659000 30.000000
796.723000 657.914000 0.000000
784.822000 647.989000 0.000000
773.488000 637.574000 0.000000
773.488000 637.574000 30.000000
784.822000 647.989000 30.000000
796.723000 657.914000 30.000000
782.976000 693.942000 0.000000
747.992000 718.080000 0.000000
705.169000 733.232000 0.000000
659.617000 736.002000 10.000000
659.617000 736.002000 20.000000
705.169000 733.232000 30.000000
747.992000 718.080000 30.000000
782.976000 693.942000 30.000000
662.530000 709.487000 0.000000
662.796000 682.487000 0.000000
661.829000 655.547000 0.000000
661.829000 655.547000 30.000000
662.796000 682.487000 30.000000
662.530000 709.487000 30.000000
618.499000 728.971000 0.000000
584.871000 718.138000 0.000000
555.420000 705.124000 0.000000
523.716000 686.628000 10.000000
523.716000 686.628000 20.000000
555.420000 705.124000 30.000000
584.871000 718.138000 30.000000
618.499000 728.971000 30.000000
528.698000 671.177000 0.000000
535.774000 657.103000 0.000000
544.320000 644.102000 0.000000
544.320000 644.102000 30.000000
535.774000 657.103000 30.000000
528.698000 671.177000 30.000000
487.754000 656.941000 0.000000
453.448000 615.172000 0.000000
431.293000 566.214000 0.000000
428.378000 517.939000 10.000000
428.378000 517.939000 20.000000
431.293000 566.214000 30.000000
453.448000 615.172000 30.000000
487.754000 656.941000 30.000000
459.431000 524.765000 0.000000
490.044000 528.677000 0.000000
520.162000 530.376000 0.000000
520.162000 530.376000 30.000000
490.044000 528.677000 30.000000
459.431000 524.765000 30.000000
443.888000 476.187000 0.000000
469.971000 442.727000 0.000000
498.783000 415.502000 0.000000
498.783000 415.502000 30.000000
469.971000 442.727000 30.000000
443.888000 476.187000 30.000000
588.620000 429.271000 10.000000
614.230000 426.422000 10.000000
639.900000 423.581000 10.000000
588.620000 429.271000 20.000000
614.230000 426.422000 20.000000
639.900000 423.581000 20.000000
664.922000 447.775000 10.000000
663.555000 474.018000 10.000000
662.038000 499.976000 10.000000
664.922000 447.775000 20.000000
663.555000 474.018000 20.000000
662.038000 499.976000 20.000000
633.679000 527.125000 10.000000
606.230000 528.526000 10.000000
578.284000 529.749000 10.000000
633.679000 527.125000 20.000000
606.230000 528.526000 20.000000
578.284000 529.749000 20.000000
552.248000 505.689000 10.000000
555.624000 480.968000 10.000000
559.467000 456.240000 10.000000
552.248000 505.689000 20.000000
555.624000 480.968000 20.000000
559.467000 456.240000 20.000000
580.322000 504.848000 0.000000
607.958000 503.363000 0.000000
635.168000 501.648000 0.000000
583.069000 479.868000 0.000000
610.170000 478.024000 0.000000
636.968000 475.961000 0.000000
586.050000 454.711000 0.000000
612.452000 452.414000 0.000000
638.708000 449.966000 0.000000
586.050000 454.711000 30.000000
612.452000 452.414000 30.000000
638.708000 449.966000 30.000000
583.069000 479.868000 30.000000
610.170000 478.024000 30.000000
636.968000 475.961000 30.000000
580.322000 504.848000 30.000000
607.958000 503.363000 30.000000
635.168000 501.648000 30.000000
691.930000 419.450000 10.000000
718.562000 418.522000 10.000000
745.744000 418.359000 10.000000
691.930000 419.450000 20.000000
718.562000 418.522000 20.000000
745.744000 418.359000 20.000000
771.883000 444.307000 10.000000
770.042000 470.182000 10.000000
768.122000 496.210000 10.000000
771.883000 444.307000 20.000000
770.042000 470.182000 20.000000
768.122000 496.210000 20.000000
740.070000 522.717000 10.000000
713.795000 523.467000 10.000000
687.365000 524.495000 10.000000
740.070000 522.717000 20.000000
713.795000 523.467000 20.000000
687.365000 524.495000 20.000000
688.678000 498.518000 0.000000
715.190000 497.380000 0.000000
741.659000 496.604000 0.000000
690.077000 472.400000 0.000000
716.616000 471.222000 0.000000
743.263000 470.499000 0.000000
691.277000 446.057000 0.000000
717.834000 444.938000 0.000000
744.694000 444.398000 0.000000
691.277000 446.057000 30.000000
717.834000 444.938000 30.000000
744.694000 444.398000 30.000000
690.077000 472.400000 30.000000
716.616000 471.222000 30.000000
743.263000 470.499000 30.000000
688.678000 498.518000 30.000000
715.190000 497.380000 30.000000
741.659000 496.604000 30.000000
659.771000 551.415000 10.000000
659.431000 577.095000 10.000000
659.732000 602.875000 10.000000
659.771000 551.415000 20.000000
659.431000 577.095000 20.000000
659.732000 602.875000 20.000000
634.363000 628.893000 10.000000
607.755000 629.179000 10.000000
580.887000 630.064000 10.000000
634.363000 628.893000 20.000000
607.755000 629.179000 20.000000
580.887000 630.064000 20.000000
550.753000 606.263000 10.000000
548.941000 580.776000 10.000000
548.652000 555.525000 10.000000
550.753000 606.263000 20.000000
548.941000 580.776000 20.000000
548.652000 555.525000 20.000000
578.550000 604.840000 0.000000
606.070000 603.900000 0.000000
633.138000 603.307000 0.000000
577.274000 579.733000 0.000000
605.179000 578.741000 0.000000
632.560000 577.870000 0.000000
577.191000 554.711000 0.000000
605.238000 553.636000 0.000000
632.750000 552.505000 0.000000
577.191000 554.711000 30.000000
605.238000 553.636000 30.000000
632.750000 552.505000 30.000000
577.274000 579.733000 30.000000
605.179000 578.741000 30.000000
632.560000 577.870000 30.000000
578.550000 604.840000 30.000000
606.070000 603.900000 30.000000
633.138000 603.307000 30.000000
764.530000 548.445000 10.000000
763.163000 574.595000 10.000000
762.371000 600.738000 10.000000
764.530000 548.445000 20.000000
763.163000 574.595000 20.000000
762.371000 600.738000 20.000000
737.352000 627.620000 10.000000
712.031000 628.302000 10.000000
686.472000 628.691000 10.000000
737.352000 627.620000 20.000000
712.031000 628.302000 20.000000
686.472000 628.691000 20.000000
685.870000 602.423000 0.000000
711.636000 601.881000 0.000000
737.109000 601.260000 0.000000
685.828000 576.350000 0.000000
711.860000 575.633000 0.000000
737.608000 574.988000 0.000000
686.356000 550.401000 0.000000
712.623000 549.515000 0.000000
738.657000 548.818000 0.000000
686.356000 550.401000 30.000000
712.623000 549.515000 30.000000
738.657000 548.818000 30.000000
685.828000 576.350000 30.000000
711.860000 575.633000 30.000000
737.608000 574.988000 30.000000
685.870000 602.423000 30.000000
711.636000 601.881000 30.000000
737.109000 601.260000 30.000000
553.574000 421.489000 10.000000
544.386000 411.526000 10.000000
535.327000 401.404000 10.000000
553.574000 421.489000 20.000000
544.386000 411.526000 20.000000
535.327000 401.404000 20.000000
552.846000 366.225000 10.000000
581.220000 341.022000 10.000000
613.999000 319.444000 10.000000
552.846000 366.225000 20.000000
581.220000 341.022000 20.000000
613.999000 319.444000 20.000000
659.557000 336.980000 10.000000
663.648000 365.529000 10.000000
665.517000 393.579000 10.000000
659.557000 336.980000 20.000000
663.648000 365.529000 20.000000
665.517000 393.579000 20.000000
636.414000 397.667000 0.000000
631.352000 371.488000 0.000000
624.101000 345.242000 0.000000
608.157000 404.545000 0.000000
601.039000 382.728000 0.000000
592.333000 361.318000 0.000000
580.639000 413.005000 0.000000
572.293000 396.929000 0.000000
563.251000 381.229000 0.000000
580.639000 413.005000 30.000000
572.293000 396.929000 30.000000
563.251000 381.229000 30.000000
608.157000 404.545000 30.000000
601.039000 382.728000 30.000000
592.333000 361.318000 30.000000
636.414000 397.667000 30.000000
631.352000 371.488000 30.000000
624.101000 345.242000 30.000000
697.635000 311.475000 10.000000
745.767000 329.041000 10.000000
791.637000 354.130000 10.000000
697.635000 311.475000 20.000000
745.767000 329.041000 20.000000
791.637000 354.130000 20.000000
813.930000 388.772000 10.000000
799.737000 398.129000 10.000000
786.331000 408.157000 10.000000
813.930000 388.772000 20.000000
799.737000 398.129000 20.000000
786.331000 408.157000 20.000000
756.543000 400.958000 0.000000
767.584000 384.197000 0.000000
779.146000 368.414000 0.000000
726.045000 395.488000 0.000000
733.054000 372.763000 0.000000
739.636000 350.522000 0.000000
695.530000 392.827000 0.000000
697.900000 365.989000 0.000000
698.741000 338.891000 0.000000
695.530000 392.827000 30.000000
697.900000 365.989000 30.000000
698.741000 338.891000 30.000000
726.045000 395.488000 30.000000
733.054000 372.763000 30.000000
739.636000 350.522000 30.000000
756.543000 400.958000 30.000000
767.584000 384.197000 30.000000
779.146000 368.414000 30.000000
854.285000 406.596000 10.000000
867.732000 438.009000 10.000000
871.641000 478.703000 10.000000
854.285000 406.596000 20.000000
867.732000 438.009000 20.000000
871.641000 478.703000 20.000000
844.582000 524.260000 10.000000
819.035000 522.972000 10.000000
792.794000 522.361000 10.000000
844.582000 524.260000 20.000000
819.035000 522.972000 20.000000
792.794000 522.361000 20.000000
794.392000 492.348000 0.000000
820.606000 488.583000 0.000000
846.512000 484.387000 0.000000
793.991000 462.987000 0.000000
818.255000 455.717000 0.000000
842.834000 447.771000 0.000000
791.380000 434.807000 0.000000
811.435000 425.497000 0.000000
832.276000 416.181000 0.000000
791.380000 434.807000 30.000000
811.435000 425.497000 30.000000
832.276000 416.181000 30.000000
793.991000 462.987000 30.000000
818.255000 455.717000 30.000000
842.834000 447.771000 30.000000
794.392000 492.348000 30.000000
820.606000 488.583000 30.000000
846.512000 484.387000 30.000000
860.526000 572.659000 10.000000
847.427000 610.814000 10.000000
830.530000 640.634000 10.000000
860.526000 572.659000 20.000000
847.427000 610.814000 20.000000
830.530000 640.634000 20.000000
796.833000 657.912000 10.000000
784.902000 648.003000 10.000000
773.541000 637.583000 10.000000
796.833000 657.912000 20.000000
784.902000 648.003000 20.000000
773.541000 637.583000 20.000000
779.257000 610.202000 0.000000
796.126000 619.865000 0.000000
813.099000 629.881000 0.000000
784.760000 581.730000 0.000000
806.109000 589.614000 0.000000
827.083000 598.869000 0.000000
789.457000 552.319000 0.000000
814.020000 557.110000 0.000000
837.926000 563.479000 0.000000
789.457000 552.319000 30.000000
814.020000 557.110000 30.000000
837.926000 563.479000 30.000000
784.760000 581.730000 30.000000
806.109000 589.614000 30.000000
827.083000 598.869000 30.000000
779.257000 610.202000 30.000000
796.126000 619.865000 30.000000
813.099000 629.881000 30.000000
782.976000 693.942000 10.000000
747.992000 718.080000 10.000000
705.169000 733.232000 10.000000
782.976000 693.942000 20.000000
747.992000 718.080000 20.000000
705.169000 733.232000 20.000000
662.448000 709.427000 10.000000
662.766000 682.475000 10.000000
661.815000 655.547000 10.000000
662.448000 709.427000 20.000000
662.766000 682.475000 20.000000
661.815000 655.547000 20.000000
691.167000 654.709000 0.000000
696.011000 680.938000 0.000000
700.738000 707.218000 0.000000
719.793000 651.188000 0.000000
728.149000 674.018000 0.000000
737.400000 696.490000 0.000000
747.320000 645.190000 0.000000
757.948000 662.423000 0.000000
769.643000 678.912000 0.000000
747.320000 645.190000 30.000000
757.948000 662.423000 30.000000
769.643000 678.912000 30.000000
719.793000 651.188000 30.000000
728.149000 674.018000 30.000000
737.400000 696.490000 30.000000
691.167000 654.709000 30.000000
696.011000 680.938000 30.000000
700.738000 707.218000 30.000000
618.499000 728.971000 10.000000
584.871000 718.138000 10.000000
555.420000 705.124000 10.000000
618.499000 728.971000 20.000000
584.871000 718.138000 20.000000
555.420000 705.124000 20.000000
528.828000 671.271000 10.000000
535.849000 657.176000 10.000000
544.380000 644.156000 10.000000
528.828000 671.271000 20.000000
535.849000 657.176000 20.000000
544.380000 644.156000 20.000000
573.084000 647.798000 0.000000
566.107000 665.919000 0.000000
560.076000 684.738000 0.000000
602.464000 651.203000 0.000000
597.446000 673.297000 0.000000
592.084000 695.481000 0.000000
632.154000 654.095000 0.000000
629.730000 679.356000 0.000000
625.932000 704.518000 0.000000
632.154000 654.095000 30.000000
629.730000 679.356000 30.000000
625.932000 704.518000 30.000000
602.464000 651.203000 30.000000
597.446000 673.297000 30.000000
592.084000 695.481000 30.000000
573.084000 647.798000 30.000000
566.107000 665.919000 30.000000
560.076000 684.738000 30.000000
487.754000 656.941000 10.000000
453.448000 615.172000 10.000000
431.293000 566.214000 10.000000
487.754000 656.941000 20.000000
453.448000 615.172000 20.000000
431.293000 566.214000 20.000000
459.544000 524.694000 10.000000
490.126000 528.633000 10.000000
520.214000 530.340000 10.000000
459.544000 524.694000 20.000000
490.126000 528.633000 20.000000
520.214000 530.340000 20.000000
520.008000 559.538000 0.000000
491.001000 562.881000 0.000000
461.496000 565.266000 0.000000
524.451000 588.739000 0.000000
500.246000 597.053000 0.000000
476.496000 605.860000 0.000000
532.982000 617.177000 0.000000
516.133000 629.023000 0.000000
500.776000 642.166000 0.000000
532.982000 617.177000 30.000000
516.133000 629.023000 30.000000
500.776000 642.166000 30.000000
524.451000 588.739000 30.000000
500.246000 597.053000 30.000000
476.496000 605.860000 30.000000
520.008000 559.538000 30.000000
491.001000 562.881000 30.000000
461.496000 565.266000 30.000000
443.888000 476.187000 10.000000
469.971000 442.727000 10.000000
498.783000 415.502000 10.000000
443.888000 476.187000 20.000000
469.971000 442.727000 20.000000
498.783000 415.502000 20.000000
543.053000 447.608000 0.000000
527.243000 438.211000 0.000000
512.328000 427.727000 0.000000
532.835000 474.285000 0.000000
510.532000 466.118000 0.000000
489.239000 455.874000 0.000000
524.726000 501.862000 0.000000
497.183000 496.175000 0.000000
469.970000 487.891000 0.000000
524.726000 501.862000 30.000000
497.183000 496.175000 30.000000
469.970000 487.891000 30.000000
532.835000 474.285000 30.000000
510.532000 466.118000 30.000000
489.239000 455.874000 30.000000
543.053000 447.608000 30.000000
527.243000 438.211000 30.000000
512.328000 427.727000 30.000000
586.023000 454.668000 10.000000
612.428000 452.392000 10.000000
638.686000 449.960000 10.000000
583.063000 479.834000 10.000000
610.161000 478.005000 10.000000
636.958000 475.954000 10.000000
580.331000 504.821000 10.000000
607.960000 503.348000 10.000000
635.167000 501.642000 10.000000
586.023000 454.668000 20.000000
612.428000 452.392000 20.000000
638.686000 449.960000 20.000000
583.063000 479.834000 20.000000
610.161000 478.005000 20.000000
636.958000 475.954000 20.000000
580.331000 504.821000 20.000000
607.960000 503.348000 20.000000
635.167000 501.642000 20.000000
691.265000 446.070000 10.000000
717.828000 444.954000 10.000000
744.692000 444.417000 10.000000
690.070000 472.409000 10.000000
716.613000 471.236000 10.000000
743.261000 470.516000 10.000000
688.677000 498.526000 10.000000
715.190000 497.391000 10.000000
741.659000 496.618000 10.000000
691.265000 446.070000 20.000000
717.828000 444.954000 20.000000
744.692000 444.417000 20.000000
690.070000 472.409000 20.000000
716.613000 471.236000 20.000000
743.261000 470.516000 20.000000
688.677000 498.526000 20.000000
715.190000 497.391000 20.000000
741.659000 496.618000 20.000000
577.217000 554.705000 10.000000
605.255000 553.635000 10.000000
632.760000 552.506000 10.000000
577.303000 579.740000 10.000000
605.198000 578.749000 10.000000
632.571000 577.877000 10.000000
578.578000 604.863000 10.000000
606.085000 603.918000 10.000000
633.145000 603.319000 10.000000
577.217000 554.705000 20.000000
605.255000 553.635000 20.000000
632.760000 552.506000 20.000000
577.303000 579.740000 20.000000
605.198000 578.749000 20.000000
632.571000 577.877000 20.000000
578.578000 604.863000 20.000000
606.085000 603.918000 20.000000
633.145000 603.319000 20.000000
686.363000 550.408000 10.000000
712.630000 549.525000 10.000000
738.666000 548.832000 10.000000
685.837000 576.356000 10.000000
711.871000 575.641000 10.000000
737.622000 575.001000 10.000000
685.878000 602.427000 10.000000
711.650000 601.885000 10.000000
737.130000 601.268000 10.000000
686.363000 550.408000 20.000000
712.630000 549.525000 20.000000
738.666000 548.832000 20.000000
685.837000 576.356000 20.000000
711.871000 575.641000 20.000000
737.622000 575.001000 20.000000
685.878000 602.427000 20.000000
711.650000 601.885000 20.000000
737.130000 601.268000 20.000000
580.573000 412.959000 10.000000
572.201000 396.872000 10.000000
563.116000 381.190000 10.000000
608.090000 404.536000 10.000000
600.952000 382.724000 10.000000
592.192000 361.350000 10.000000
636.363000 397.679000 10.000000
631.289000 371.514000 10.000000
623.994000 345.299000 10.000000
580.573000 412.959000 20.000000
572.201000 396.872000 20.000000
563.116000 381.190000 20.000000
608.090000 404.536000 20.000000
600.952000 382.724000 20.000000
592.192000 361.350000 20.000000
636.363000 397.679000 20.000000
631.289000 371.514000 20.000000
623.994000 345.299000 20.000000
695.510000 392.859000 10.000000
697.878000 366.038000 10.000000
698.713000 338.959000 10.000000
726.040000 395.523000 10.000000
733.053000 372.808000 10.000000
739.636000 350.599000 10.000000
756.548000 400.986000 10.000000
767.594000 384.229000 10.000000
779.168000 368.478000 10.000000
695.510000 392.859000 20.000000
697.878000 366.038000 20.000000
698.713000 338.959000 20.000000
726.040000 395.523000 20.000000
733.053000 372.808000 20.000000
739.636000 350.599000 20.000000
756.548000 400.986000 20.000000
767.594000 384.229000 20.000000
779.168000 368.478000 20.000000
791.385000 434.824000 10.000000
811.451000 425.506000 10.000000
832.323000 416.166000 10.000000
793.992000 463.002000 10.000000
818.256000 455.728000 10.000000
842.851000 447.756000 10.000000
794.391000 492.364000 10.000000
820.602000 488.598000 10.000000
846.483000 484.384000 10.000000
791.385000 434.824000 20.000000
811.451000 425.506000 20.000000
832.323000 416.166000 20.000000
793.992000 463.002000 20.000000
818.256000 455.728000 20.000000
842.851000 447.756000 20.000000
794.391000 492.364000 20.000000
820.602000 488.598000 20.000000
846.483000 484.384000 20.000000
789.462000 552.347000 10.000000
814.021000 557.144000 10.000000
837.887000 563.543000 10.000000
784.777000 581.762000 10.000000
806.129000 589.659000 10.000000
827.100000 598.967000 10.000000
779.299000 610.223000 10.000000
796.185000 619.902000 10.000000
813.183000 629.954000 10.000000
789.462000 552.347000 20.000000
814.021000 557.144000 20.000000
837.887000 563.543000 20.000000
784.777000 581.762000 20.000000
806.129000 589.659000 20.000000
827.100000 598.967000 20.000000
779.299000 610.223000 20.000000
796.185000 619.902000 20.000000
813.183000 629.954000 20.000000
747.355000 645.181000 10.000000
757.996000 662.398000 10.000000
769.725000 678.840000 10.000000
719.813000 651.169000 10.000000
728.169000 673.974000 10.000000
737.434000 696.402000 10.000000
691.166000 654.696000 10.000000
696.001000 680.901000 10.000000
700.712000 707.138000 10.000000
747.355000 645.181000 20.000000
757.996000 662.398000 20.000000
769.725000 678.840000 20.000000
719.813000 651.169000 20.000000
728.169000 673.974000 20.000000
737.434000 696.402000 20.000000
691.166000 654.696000 20.000000
696.001000 680.901000 20.000000
700.712000 707.138000 20.000000
632.135000 654.115000 10.000000
629.690000 679.385000 10.000000
625.813000 704.532000 10.000000
602.458000 651.247000 10.000000
597.423000 673.366000 10.000000
591.999000 695.605000 10.000000
573.112000 647.861000 10.000000
566.131000 666.018000 10.000000
560.114000 684.900000 10.000000
632.135000 654.115000 20.000000
629.690000 679.385000 20.000000
625.813000 704.532000 20.000000
602.458000 651.247000 20.000000
597.423000 673.366000 20.000000
591.999000 695.605000 20.000000
573.112000 647.861000 20.000000
566.131000 666.018000 20.000000
560.114000 684.900000 20.000000
533.052000 617.207000 10.000000
516.226000 629.050000 10.000000
500.924000 642.201000 10.000000
524.520000 588.744000 10.000000
500.342000 597.052000 10.000000
476.628000 605.857000 10.000000
520.070000 559.522000 10.000000
491.092000 562.857000 10.000000
461.612000 565.231000 10.000000
533.052000 617.207000 20.000000
516.226000 629.050000 20.000000
500.924000 642.201000 20.000000
524.520000 588.744000 20.000000
500.342000 597.052000 20.000000
476.628000 605.857000 20.000000
520.070000 559.522000 20.000000
491.092000 562.857000 20.000000
461.612000 565.231000 20.000000
524.765000 501.805000 10.000000
497.243000 496.108000 10.000000
470.077000 487.780000 10.000000
532.855000 474.207000 10.000000
510.562000 466.020000 10.000000
489.322000 455.724000 10.000000
543.035000 447.524000 10.000000
527.219000 438.100000 10.000000
512.334000 427.569000 10.000000
524.765000 501.805000 20.000000
497.243000 496.108000 20.000000
470.077000 487.780000 20.000000
532.855000 474.207000 20.000000
510.562000 466.020000 20.000000
489.322000 455.724000 20.000000
543.035000 447.524000 20.000000
527.219000 438.100000 20.000000
512.334000 427.569000 20.000000
