568.197027 431.662243 0.000000
665.212077 431.662243 0.000000
762.227128 431.662243 0.000000
568.197027 528.677293 0.000000
665.212077 528.677293 0.000000
762.227128 528.677293 0.000000
568.197027 625.692343 0.000000
665.212077 625.692343 0.000000
762.227128 625.692343 0.000000
568.197027 431.662243 30.000000
665.212077 431.662243 30.000000
762.227128 431.662243 30.000000
568.197027 528.677293 30.000000
665.212077 528.677293 30.000000
762.227128 528.677293 30.000000
568.197027 625.692343 30.000000
665.212077 625.692343 30.000000
762.227128 625.692343 30.000000
526.619146 390.084366 0.000000
665.212077 332.677293 0.000000
803.805008 390.084366 0.000000
861.212077 528.677293 0.000000
803.805008 667.270220 0.000000
665.212077 724.677293 0.000000
526.619146 667.270220 0.000000
469.212077 528.677293 0.000000
526.619146 390.084366 30.000000
665.212077 332.677293 30.000000
803.805008 390.084366 30.000000
861.212077 528.677293 30.000000
803.805008 667.270220 30.000000
665.212077 724.677293 30.000000
526.619146 667.270220 30.000000
469.212077 528.677293 30.000000
592.450789 431.662243 0.000000
616.704552 431.662243 0.000000
640.958315 431.662243 0.000000
665.212077 431.662243 10.000000
665.212077 431.662243 20.000000
640.958315 431.662243 30.000000
616.704552 431.662243 30.000000
592.450789 431.662243 30.000000
568.197027 431.662243 20.000000
568.197027 431.662243 10.000000
665.212077 455.916005 0.000000
665.212077 480.169768 0.000000
665.212077 504.423530 0.000000
665.212077 528.677293 10.000000
665.212077 528.677293 20.000000
665.212077 504.423530 30.000000
665.212077 480.169768 30.000000
665.212077 455.916005 30.000000
640.958315 528.677293 0.000000
616.704552 528.677293 0.000000
592.450789 528.677293 0.000000
568.197027 528.677293 10.000000
568.197027 528.677293 20.000000
592.450789 528.677293 30.000000
616.704552 528.677293 30.000000
640.958315 528.677293 30.000000
568.197027 504.423530 0.000000
568.197027 480.169768 0.000000
568.197027 455.916005 0.000000
568.197027 455.916005 30.000000
568.197027 480.169768 30.000000
568.197027 504.423530 30.000000
689.465840 431.662243 0.000000
713.719602 431.662243 0.000000
737.973365 431.662243 0.000000
762.227128 431.662243 10.000000
762.227128 431.662243 20.000000
737.973365 431.662243 30.000000
713.719602 431.662243 30.000000
689.465840 431.662243 30.000000
762.227128 455.916005 0.000000
762.227128 480.169768 0.000000
762.227128 504.423530 0.000000
762.227128 528.677293 10.000000
762.227128 528.677293 20.000000
762.227128 504.423530 30.000000
762.227128 480.169768 30.000000
762.227128 455.916005 30.000000
737.973365 528.677293 0.000000
713.719602 528.677293 0.000000
689.465840 528.677293 0.000000
689.465840 528.677293 30.000000
713.719602 528.677293 30.000000
737.973365 528.677293 30.000000
665.212077 552.931056 0.000000
665.212077 577.184818 0.000000
665.212077 601.438581 0.000000
665.212077 625.692343 10.000000
665.212077 625.692343 20.000000
665.212077 601.438581 30.000000
665.212077 577.184818 30.000000
665.212077 552.931056 30.000000
640.958315 625.692343 0.000000
616.704552 625.692343 0.000000
592.450789 625.692343 0.000000
568.197027 625.692343 10.000000
568.197027 625.692343 20.000000
592.450789 625.692343 30.000000
616.704552 625.692343 30.000000
640.958315 625.692343 30.000000
568.197027 601.438581 0.000000
568.197027 577.184818 0.000000
568.197027 552.931056 0.000000
568.197027 552.931056 30.000000
568.197027 577.184818 30.000000
568.197027 601.438581 30.000000
762.227128 552.931056 0.000000
762.227128 577.184818 0.000000
762.227128 601.438581 0.000000
762.227128 625.692343 10.000000
762.227128 625.692343 20.000000
762.227128 601.438581 30.000000
762.227128 577.184818 30.000000
762.227128 552.931056 30.000000
737.973365 625.692343 0.000000
713.719602 625.692343 0.000000
689.465840 625.692343 0.000000
689.465840 625.692343 30.000000
713.719602 625.692343 30.000000
737.973365 625.692343 30.000000
557.802557 421.267773 0.000000
547.408086 410.873304 0.000000
537.013616 400.478835 0.000000
526.619146 390.084366 10.000000
526.619146 390.084366 20.000000
537.013616 400.478835 30.000000
547.408086 410.873304 30.000000
557.802557 421.267773 30.000000
556.320313 365.709248 0.000000
590.206126 347.596904 0.000000
626.974375 336.443378 0.000000
665.212077 332.677293 10.000000
665.212077 332.677293 20.000000
626.974375 336.443378 30.000000
590.206126 347.596904 30.000000
556.320313 365.709248 30.000000
665.212077 357.423530 0.000000
665.212077 382.169768 0.000000
665.212077 406.916005 0.000000
665.212077 406.916005 30.000000
665.212077 382.169768 30.000000
665.212077 357.423530 30.000000
703.449780 336.443378 0.000000
740.218029 347.596904 0.000000
774.103841 365.709248 0.000000
803.805008 390.084366 10.000000
803.805008 390.084366 20.000000
774.103841 365.709248 30.000000
740.218029 347.596904 30.000000
703.449780 336.443378 30.000000
793.410538 400.478835 0.000000
783.016068 410.873304 0.000000
772.621598 421.267773 0.000000
772.621598 421.267773 30.000000
783.016068 410.873304 30.000000
793.410538 400.478835 30.000000
828.180122 419.785529 0.000000
846.292466 453.671341 0.000000
857.445992 490.439590 0.000000
861.212077 528.677293 10.000000
861.212077 528.677293 20.000000
857.445992 490.439590 30.000000
846.292466 453.671341 30.000000
828.180122 419.785529 30.000000
836.465840 528.677293 0.000000
811.719602 528.677293 0.000000
786.973365 528.677293 0.000000
786.973365 528.677293 30.000000
811.719602 528.677293 30.000000
836.465840 528.677293 30.000000
857.445992 566.914995 0.000000
846.292466 603.683244 0.000000
828.180122 637.569057 0.000000
803.805008 667.270220 10.000000
803.805008 667.270220 20.000000
828.180122 637.569057 30.000000
846.292466 603.683244 30.000000
857.445992 566.914995 30.000000
793.410538 656.875751 0.000000
783.016068 646.481282 0.000000
772.621598 636.086813 0.000000
772.621598 636.086813 30.000000
783.016068 646.481282 30.000000
793.410538 656.875751 30.000000
774.103841 691.645338 0.000000
740.218029 709.757682 0.000000
703.449780 720.911208 0.000000
665.212077 724.677293 10.000000
665.212077 724.677293 20.000000
703.449780 720.911208 30.000000
740.218029 709.757682 30.000000
774.103841 691.645338 30.000000
665.212077 699.931056 0.000000
665.212077 675.184818 0.000000
665.212077 650.438581 0.000000
665.212077 650.438581 30.000000
665.212077 675.184818 30.000000
665.212077 699.931056 30.000000
626.974375 720.911208 0.000000
590.206126 709.757682 0.000000
556.320313 691.645338 0.000000
526.619146 667.270220 10.000000
526.619146 667.270220 20.000000
556.320313 691.645338 30.000000
590.206126 709.757682 30.000000
626.974375 720.911208 30.000000
537.013616 656.875751 0.000000
547.408086 646.481282 0.000000
557.802557 636.086813 0.000000
557.802557 636.086813 30.000000
547.408086 646.481282 30.000000
537.013616 656.875751 30.000000
502.244032 637.569057 0.000000
484.131688 603.683244 0.000000
472.978162 566.914995 0.000000
469.212077 528.677293 10.000000
469.212077 528.677293 20.000000
472.978162 566.914995 30.000000
484.131688 603.683244 30.000000
502.244032 637.569057 30.000000
493.958315 528.677293 0.000000
518.704552 528.677293 0.000000
543.450789 528.677293 0.000000
543.450789 528.677293 30.000000
518.704552 528.677293 30.000000
493.958315 528.677293 30.000000
472.978162 490.439590 0.000000
484.131688 453.671341 0.000000
502.244032 419.785529 0.000000
502.244032 419.785529 30.000000
484.131688 453.671341 30.000000
472.978162 490.439590 30.000000
592.450789 431.662243 10.000000
616.704552 431.662243 10.000000
640.958315 431.662243 10.000000
592.450789 431.662243 20.000000
616.704552 431.662243 20.000000
640.958315 431.662243 20.000000
665.212077 455.916005 10.000000
665.212077 480.169768 10.000000
665.212077 504.423530 10.000000
665.212077 455.916005 20.000000
665.212077 480.169768 20.000000
665.212077 504.423530 20.000000
640.958315 528.677293 10.000000
616.704552 528.677293 10.000000
592.450789 528.677293 10.000000
640.958315 528.677293 20.000000
616.704552 528.677293 20.000000
592.450789 528.677293 20.000000
568.197027 504.423530 10.000000
568.197027 480.169768 10.000000
568.197027 455.916005 10.000000
568.197027 504.423530 20.000000
568.197027 480.169768 20.000000
568.197027 455.916005 20.000000
592.450789 504.423530 0.000000
616.704552 504.423530 0.000000
640.958315 504.423530 0.000000
592.450789 480.169768 0.000000
616.704552 480.169768 0.000000
640.958315 480.169768 0.000000
592.450789 455.916005 0.000000
616.704552 455.916005 0.000000
640.958315 455.916005 0.000000
592.450789 455.916005 30.000000
616.704552 455.916005 30.000000
640.958315 455.916005 30.000000
592.450789 480.169768 30.000000
616.704552 480.169768 30.000000
640.958315 480.169768 30.000000
592.450789 504.423530 30.000000
616.704552 504.423530 30.000000
640.958315 504.423530 30.000000
689.465840 431.662243 10.000000
713.719602 431.662243 10.000000
737.973365 431.662243 10.000000
689.465840 431.662243 20.000000
713.719602 431.662243 20.000000
737.973365 431.662243 20.000000
762.227128 455.916005 10.000000
762.227128 480.169768 10.000000
762.227128 504.423530 10.000000
762.227128 455.916005 20.000000
762.227128 480.169768 20.000000
762.227128 504.423530 20.000000
737.973365 528.677293 10.000000
713.719602 528.677293 10.000000
689.465840 528.677293 10.000000
737.973365 528.677293 20.000000
713.719602 528.677293 20.000000
689.465840 528.677293 20.000000
689.465840 504.423530 0.000000
713.719602 504.423530 0.000000
737.973365 504.423530 0.000000
689.465840 480.169768 0.000000
713.719602 480.169768 0.000000
737.973365 480.169768 0.000000
689.465840 455.916005 0.000000
713.719602 455.916005 0.000000
737.973365 455.916005 0.000000
689.465840 455.916005 30.000000
713.719602 455.916005 30.000000
737.973365 455.916005 30.000000
689.465840 480.169768 30.000000
713.719602 480.169768 30.000000
737.973365 480.169768 30.000000
689.465840 504.423530 30.000000
713.719602 504.423530 30.000000
737.973365 504.423530 30.000000
665.212077 552.931056 10.000000
665.212077 577.184818 10.000000
665.212077 601.438581 10.000000
665.212077 552.931056 20.000000
665.212077 577.184818 20.000000
665.212077 601.438581 20.000000
640.958315 625.692343 10.000000
616.704552 625.692343 10.000000
592.450789 625.692343 10.000000
640.958315 625.692343 20.000000
616.704552 625.692343 20.000000
592.450789 625.692343 20.000000
568.197027 601.438581 10.000000
568.197027 577.184818 10.000000
568.197027 552.931056 10.000000
568.197027 601.438581 20.000000
568.197027 577.184818 20.000000
568.197027 552.931056 20.000000
592.450789 601.438581 0.000000
616.704552 601.438581 0.000000
640.958315 601.438581 0.000000
592.450789 577.184818 0.000000
616.704552 577.184818 0.000000
640.958315 577.184818 0.000000
592.450789 552.931056 0.000000
616.704552 552.931056 0.000000
640.958315 552.931056 0.000000
592.450789 552.931056 30.000000
616.704552 552.931056 30.000000
640.958315 552.931056 30.000000
592.450789 577.184818 30.000000
616.704552 577.184818 30.000000
640.958315 577.184818 30.000000
592.450789 601.438581 30.000000
616.704552 601.438581 30.000000
640.958315 601.438581 30.000000
762.227128 552.931056 10.000000
762.227128 577.184818 10.000000
762.227128 601.438581 10.000000
762.227128 552.931056 20.000000
762.227128 577.184818 20.000000
762.227128 601.438581 20.000000
737.973365 625.692343 10.000000
713.719602 625.692343 10.000000
689.465840 625.692343 10.000000
737.973365 625.692343 20.000000
713.719602 625.692343 20.000000
689.465840 625.692343 20.000000
689.465840 601.438581 0.000000
713.719602 601.438581 0.000000
737.973365 601.438581 0.000000
689.465840 577.184818 0.000000
713.719602 577.184818 0.000000
737.973365 577.184818 0.000000
689.465840 552.931056 0.000000
713.719602 552.931056 0.000000
737.973365 552.931056 0.000000
689.465840 552.931056 30.000000
713.719602 552.931056 30.000000
737.973365 552.931056 30.000000
689.465840 577.184818 30.000000
713.719602 577.184818 30.000000
737.973365 577.184818 30.000000
689.465840 601.438581 30.000000
713.719602 601.438581 30.000000
737.973365 601.438581 30.000000
557.802557 421.267773 10.000000
547.408086 410.873304 10.000000
537.013616 400.478835 10.000000
557.802557 421.267773 20.000000
547.408086 410.873304 20.000000
537.013616 400.478835 20.000000
556.320313 365.709248 10.000000
590.206126 347.596904 10.000000
626.974375 336.443378 10.000000
556.320313 365.709248 20.000000
590.206126 347.596904 20.000000
626.974375 336.443378 20.000000
665.212077 357.423530 10.000000
665.212077 382.169768 10.000000
665.212077 406.916005 10.000000
665.212077 357.423530 20.000000
665.212077 382.169768 20.000000
665.212077 406.916005 20.000000
637.462330 407.857526 0.000000
633.966345 384.052810 0.000000
630.470360 360.248094 0.000000
610.079945 410.645908 0.000000
603.455339 389.629573 0.000000
596.830732 368.613239 0.000000
583.418170 415.173994 0.000000
574.385551 398.685745 0.000000
565.352932 382.197497 0.000000
583.418170 415.173994 30.000000
574.385551 398.685745 30.000000
565.352932 382.197497 30.000000
610.079945 410.645908 30.000000
603.455339 389.629573 30.000000
596.830732 368.613239 30.000000
637.462330 407.857526 30.000000
633.966345 384.052810 30.000000
630.470360 360.248094 30.000000
703.449780 336.443378 10.000000
740.218029 347.596904 10.000000
774.103841 365.709248 10.000000
703.449780 336.443378 20.000000
740.218029 347.596904 20.000000
774.103841 365.709248 20.000000
793.410538 400.478835 10.000000
783.016068 410.873304 10.000000
772.621598 421.267773 10.000000
793.410538 400.478835 20.000000
783.016068 410.873304 20.000000
772.621598 421.267773 20.000000
747.005984 415.173994 0.000000
756.038603 398.685745 0.000000
765.071222 382.197497 0.000000
720.344209 410.645908 0.000000
726.968816 389.629573 0.000000
733.593422 368.613239 0.000000
692.961825 407.857526 0.000000
696.457810 384.052810 0.000000
699.953795 360.248094 0.000000
692.961825 407.857526 30.000000
696.457810 384.052810 30.000000
699.953795 360.248094 30.000000
720.344209 410.645908 30.000000
726.968816 389.629573 30.000000
733.593422 368.613239 30.000000
747.005984 415.173994 30.000000
756.038603 398.685745 30.000000
765.071222 382.197497 30.000000
828.180122 419.785529 10.000000
846.292466 453.671341 10.000000
857.445992 490.439590 10.000000
828.180122 419.785529 20.000000
846.292466 453.671341 20.000000
857.445992 490.439590 20.000000
836.465840 528.677293 10.000000
811.719602 528.677293 10.000000
786.973365 528.677293 10.000000
836.465840 528.677293 20.000000
811.719602 528.677293 20.000000
786.973365 528.677293 20.000000
786.031844 500.927545 0.000000
809.836560 497.431560 0.000000
833.641276 493.935575 0.000000
783.243462 473.545161 0.000000
804.259797 466.920555 0.000000
825.276131 460.295948 0.000000
778.715376 446.883386 0.000000
795.203625 437.850767 0.000000
811.691874 428.818148 0.000000
778.715376 446.883386 30.000000
795.203625 437.850767 30.000000
811.691874 428.818148 30.000000
783.243462 473.545161 30.000000
804.259797 466.920555 30.000000
825.276131 460.295948 30.000000
786.031844 500.927545 30.000000
809.836560 497.431560 30.000000
833.641276 493.935575 30.000000
857.445992 566.914995 10.000000
846.292466 603.683244 10.000000
828.180122 637.569057 10.000000
857.445992 566.914995 20.000000
846.292466 603.683244 20.000000
828.180122 637.569057 20.000000
793.410538 656.875751 10.000000
783.016068 646.481282 10.000000
772.621598 636.086813 10.000000
793.410538 656.875751 20.000000
783.016068 646.481282 20.000000
772.621598 636.086813 20.000000
778.715376 610.471200 0.000000
795.203625 619.503819 0.000000
811.691874 628.536438 0.000000
783.243462 583.809425 0.000000
804.259797 590.434031 0.000000
825.276131 597.058638 0.000000
786.031844 556.427040 0.000000
809.836560 559.923025 0.000000
833.641276 563.419010 0.000000
786.031844 556.427040 30.000000
809.836560 559.923025 30.000000
833.641276 563.419010 30.000000
783.243462 583.809425 30.000000
804.259797 590.434031 30.000000
825.276131 597.058638 30.000000
778.715376 610.471200 30.000000
795.203625 619.503819 30.000000
811.691874 628.536438 30.000000
774.103841 691.645338 10.000000
740.218029 709.757682 10.000000
703.449780 720.911208 10.000000
774.103841 691.645338 20.000000
740.218029 709.757682 20.000000
703.449780 720.911208 20.000000
665.212077 699.931056 10.000000
665.212077 675.184818 10.000000
665.212077 650.438581 10.000000
665.212077 699.931056 20.000000
665.212077 675.184818 20.000000
665.212077 650.438581 20.000000
692.961825 649.497059 0.000000
696.457810 673.301776 0.000000
699.953795 697.106492 0.000000
720.344209 646.708678 0.000000
726.968816 667.725013 0.000000
733.593422 688.741347 0.000000
747.005984 642.180592 0.000000
756.038603 658.668841 0.000000
765.071222 675.157089 0.000000
747.005984 642.180592 30.000000
756.038603 658.668841 30.000000
765.071222 675.157089 30.000000
720.344209 646.708678 30.000000
726.968816 667.725013 30.000000
733.593422 688.741347 30.000000
692.961825 649.497059 30.000000
696.457810 673.301776 30.000000
699.953795 697.106492 30.000000
626.974375 720.911208 10.000000
590.206126 709.757682 10.000000
556.320313 691.645338 10.000000
626.974375 720.911208 20.000000
590.206126 709.757682 20.000000
556.320313 691.645338 20.000000
537.013616 656.875751 10.000000
547.408086 646.481282 10.000000
557.802557 636.086813 10.000000
537.013616 656.875751 20.000000
547.408086 646.481282 20.000000
557.802557 636.086813 20.000000
583.418170 642.180592 0.000000
574.385551 658.668841 0.000000
565.352932 675.157089 0.000000
610.079945 646.708678 0.000000
603.455339 667.725013 0.000000
596.830732 688.741347 0.000000
637.462330 649.497059 0.000000
633.966345 673.301776 0.000000
630.470360 697.106492 0.000000
637.462330 649.497059 30.000000
633.966345 673.301776 30.000000
630.470360 697.106492 30.000000
610.079945 646.708678 30.000000
603.455339 667.725013 30.000000
596.830732 688.741347 30.000000
583.418170 642.180592 30.000000
574.385551 658.668841 30.000000
565.352932 675.157089 30.000000
502.244032 637.569057 10.000000
484.131688 603.683244 10.000000
472.978162 566.914995 10.000000
502.244032 637.569057 20.000000
484.131688 603.683244 20.000000
472.978162 566.914995 20.000000
493.958315 528.677293 10.000000
518.704552 528.677293 10.000000
543.450789 528.677293 10.000000
493.958315 528.677293 20.000000
518.704552 528.677293 20.000000
543.450789 528.677293 20.000000
544.392311 556.427040 0.000000
520.587594 559.923025 0.000000
496.782878 563.419010 0.000000
547.180692 583.809425 0.000000
526.164358 590.434031 0.000000
505.148023 597.058638 0.000000
551.708778 610.471200 0.000000
535.220529 619.503819 0.000000
518.732281 628.536438 0.000000
551.708778 610.471200 30.000000
535.220529 619.503819 30.000000
518.732281 628.536438 30.000000
547.180692 583.809425 30.000000
526.164358 590.434031 30.000000
505.148023 597.058638 30.000000
544.392311 556.427040 30.000000
520.587594 559.923025 30.000000
496.782878 563.419010 30.000000
472.978162 490.439590 10.000000
484.131688 453.671341 10.000000
502.244032 419.785529 10.000000
472.978162 490.439590 20.000000
484.131688 453.671341 20.000000
502.244032 419.785529 20.000000
551.708778 446.883386 0.000000
535.220529 437.850767 0.000000
518.732281 428.818148 0.000000
547.180692 473.545161 0.000000
526.164358 466.920555 0.000000
505.148023 460.295948 0.000000
544.392311 500.927545 0.000000
520.587594 497.431560 0.000000
496.782878 493.935575 0.000000
544.392311 500.927545 30.000000
520.587594 497.431560 30.000000
496.782878 493.935575 30.000000
547.180692 473.545161 30.000000
526.164358 466.920555 30.000000
505.148023 460.295948 30.000000
551.708778 446.883386 30.000000
535.220529 437.850767 30.000000
518.732281 428.818148 30.000000
592.450789 455.916005 10.000000
616.704552 455.916005 10.000000
640.958315 455.916005 10.000000
592.450789 480.169768 10.000000
616.704552 480.169768 10.000000
640.958315 480.169768 10.000000
592.450789 504.423530 10.000000
616.704552 504.423530 10.000000
640.958315 504.423530 10.000000
592.450789 455.916005 20.000000
616.704552 455.916005 20.000000
640.958315 455.916005 20.000000
592.450789 480.169768 20.000000
616.704552 480.169768 20.000000
640.958315 480.169768 20.000000
592.450789 504.423530 20.000000
616.704552 504.423530 20.000000
640.958315 504.423530 20.000000
689.465840 455.916005 10.000000
713.719602 455.916005 10.000000
737.973365 455.916005 10.000000
689.465840 480.169768 10.000000
713.719602 480.169768 10.000000
737.973365 480.169768 10.000000
689.465840 504.423530 10.000000
713.719602 504.423530 10.000000
737.973365 504.423530 10.000000
689.465840 455.916005 20.000000
713.719602 455.916005 20.000000
737.973365 455.916005 20.000000
689.465840 480.169768 20.000000
713.719602 480.169768 20.000000
737.973365 480.169768 20.000000
689.465840 504.423530 20.000000
713.719602 504.423530 20.000000
737.973365 504.423530 20.000000
592.450789 552.931056 10.000000
616.704552 552.931056 10.000000
640.958315 552.931056 10.000000
592.450789 577.184818 10.000000
616.704552 577.184818 10.000000
640.958315 577.184818 10.000000
592.450789 601.438581 10.000000
616.704552 601.438581 10.000000
640.958315 601.438581 10.000000
592.450789 552.931056 20.000000
616.704552 552.931056 20.000000
640.958315 552.931056 20.000000
592.450789 577.184818 20.000000
616.704552 577.184818 20.000000
640.958315 577.184818 20.000000
592.450789 601.438581 20.000000
616.704552 601.438581 20.000000
640.958315 601.438581 20.000000
689.465840 552.931056 10.000000
713.719602 552.931056 10.000000
737.973365 552.931056 10.000000
689.465840 577.184818 10.000000
713.719602 577.184818 10.000000
737.973365 577.184818 10.000000
689.465840 601.438581 10.000000
713.719602 601.438581 10.000000
737.973365 601.438581 10.000000
689.465840 552.931056 20.000000
713.719602 552.931056 20.000000
737.973365 552.931056 20.000000
689.465840 577.184818 20.000000
713.719602 577.184818 20.000000
737.973365 577.184818 20.000000
689.465840 601.438581 20.000000
713.719602 601.438581 20.000000
737.973365 601.438581 20.000000
583.418170 415.173994 10.000000
574.385551 398.685745 10.000000
565.352932 382.197497 10.000000
610.079945 410.645908 10.000000
603.455339 389.629573 10.000000
596.830732 368.613239 10.000000
637.462330 407.857526 10.000000
633.966345 384.052810 10.000000
630.470360 360.248094 10.000000
583.418170 415.173994 20.000000
574.385551 398.685745 20.000000
565.352932 382.197497 20.000000
610.079945 410.645908 20.000000
603.455339 389.629573 20.000000
596.830732 368.613239 20.000000
637.462330 407.857526 20.000000
633.966345 384.052810 20.000000
630.470360 360.248094 20.000000
692.961825 407.857526 10.000000
696.457810 384.052810 10.000000
699.953795 360.248094 10.000000
720.344209 410.645908 10.000000
726.968816 389.629573 10.000000
733.593422 368.613239 10.000000
747.005984 415.173994 10.000000
756.038603 398.685745 10.000000
765.071222 382.197497 10.000000
692.961825 407.857526 20.000000
696.457810 384.052810 20.000000
699.953795 360.248094 20.000000
720.344209 410.645908 20.000000
726.968816 389.629573 20.000000
733.593422 368.613239 20.000000
747.005984 415.173994 20.000000
756.038603 398.685745 20.000000
765.071222 382.197497 20.000000
778.715376 446.883386 10.000000
795.203625 437.850767 10.000000
811.691874 428.818148 10.000000
783.243462 473.545161 10.000000
804.259797 466.920555 10.000000
825.276131 460.295948 10.000000
786.031844 500.927545 10.000000
809.836560 497.431560 10.000000
833.641276 493.935575 10.000000
778.715376 446.883386 20.000000
795.203625 437.850767 20.000000
811.691874 428.818148 20.000000
783.243462 473.545161 20.000000
804.259797 466.920555 20.000000
825.276131 460.295948 20.000000
786.031844 500.927545 20.000000
809.836560 497.431560 20.000000
833.641276 493.935575 20.000000
786.031844 556.427040 10.000000
809.836560 559.923025 10.000000
833.641276 563.419010 10.000000
783.243462 583.809425 10.000000
804.259797 590.434031 10.000000
825.276131 597.058638 10.000000
778.715376 610.471200 10.000000
795.203625 619.503819 10.000000
811.691874 628.536438 10.000000
786.031844 556.427040 20.000000
809.836560 559.923025 20.000000
833.641276 563.419010 20.000000
783.243462 583.809425 20.000000
804.259797 590.434031 20.000000
825.276131 597.058638 20.000000
778.715376 610.471200 20.000000
795.203625 619.503819 20.000000
811.691874 628.536438 20.000000
747.005984 642.180592 10.000000
756.038603 658.668841 10.000000
765.071222 675.157089 10.000000
720.344209 646.708678 10.000000
726.968816 667.725013 10.000000
733.593422 688.741347 10.000000
692.961825 649.497059 10.000000
696.457810 673.301776 10.000000
699.953795 697.106492 10.000000
747.005984 642.180592 20.000000
756.038603 658.668841 20.000000
765.071222 675.157089 20.000000
720.344209 646.708678 20.000000
726.968816 667.725013 20.000000
733.593422 688.741347 20.000000
692.961825 649.497059 20.000000
696.457810 673.301776 20.000000
699.953795 697.106492 20.000000
637.462330 649.497059 10.000000
633.966345 673.301776 10.000000
630.470360 697.106492 10.000000
610.079945 646.708678 10.000000
603.455339 667.725013 10.000000
596.830732 688.741347 10.000000
583.418170 642.180592 10.000000
574.385551 658.668841 10.000000
565.352932 675.157089 10.000000
637.462330 649.497059 20.000000
633.966345 673.301776 20.000000
630.470360 697.106492 20.000000
610.079945 646.708678 20.000000
603.455339 667.725013 20.000000
596.830732 688.741347 20.000000
583.418170 642.180592 20.000000
574.385551 658.668841 20.000000
565.352932 675.157089 20.000000
551.708778 610.471200 10.000000
535.220529 619.503819 10.000000
518.732281 628.536438 10.000000
547.180692 583.809425 10.000000
526.164358 590.434031 10.000000
505.148023 597.058638 10.000000
544.392311 556.427040 10.000000
520.587594 559.923025 10.000000
496.782878 563.419010 10.000000
551.708778 610.471200 20.000000
535.220529 619.503819 20.000000
518.732281 628.536438 20.000000
547.180692 583.809425 20.000000
526.164358 590.434031 20.000000
505.148023 597.058638 20.000000
544.392311 556.427040 20.000000
520.587594 559.923025 20.000000
496.782878 563.419010 20.000000
544.392311 500.927545 10.000000
520.587594 497.431560 10.000000
496.782878 493.935575 10.000000
547.180692 473.545161 10.000000
526.164358 466.920555 10.000000
505.148023 460.295948 10.000000
551.708778 446.883386 10.000000
535.220529 437.850767 10.000000
518.732281 428.818148 10.000000
544.392311 500.927545 20.000000
520.587594 497.431560 20.000000
496.782878 493.935575 20.000000
547.180692 473.545161 20.000000
526.164358 466.920555 20.000000
505.148023 460.295948 20.000000
551.708778 446.883386 20.000000
535.220529 437.850767 20.000000
518.732281 428.818148 20.000000
